{
	"selected": [
		"ID_500db1187a5b547cb7d799c03f327421766bfc2a"
	],
	"marked": [],
	"filtered": [],
	"viewMatrix": {
		"_00": 0.9972750027182149,
		"_01": -6.938893903907228e-18,
		"_02": 0.07377376873512882,
		"_03": 0.00043898727405577986,
		"_10": 0.05694626541715905,
		"_11": 0.6357391380980517,
		"_12": -0.7698005398448255,
		"_13": -0.31829920614863727,
		"_20": -0.0469008721499158,
		"_21": 0.7719039760814466,
		"_22": 0.6340067506748103,
		"_23": -65.3633234050362,
		"_30": 0,
		"_31": 0,
		"_32": 0,
		"_33": 1.0000000000000002
	},
	"centerRotation": {
		"x": -0.000396729,
		"y": 0.5,
		"z": -0.000587463
	}
}