{
	"selected": [
		"ID_c0536af5045f9030acfa718623dec662d3f00112"
	],
	"marked": [],
	"filtered": [],
	"viewMatrix": {
		"_00": 0.9999098778567209,
		"_01": 1.6940658945086e-21,
		"_02": 0.013425206313397468,
		"_03": 0.0004045800579087064,
		"_10": 0.013425199600794867,
		"_11": 0.0009999998333333415,
		"_12": -0.9999093779018234,
		"_13": -0.0010820835135245841,
		"_20": -0.000013425204075863192,
		"_21": 0.9999995000000413,
		"_22": 0.0009999097112050829,
		"_23": -123.61058663091629,
		"_30": 0,
		"_31": 0,
		"_32": 0,
		"_33": 0.9999999999999998
	},
	"centerRotation": {
		"x": -0.000396729,
		"y": 0.5,
		"z": -0.000587463
	}
}