{
	"selected": [
		"ID_c0536af5045f9030acfa718623dec662d3f00112"
	],
	"marked": [],
	"filtered": [],
	"viewMatrix": {
		"_00": 0.8626495143480664,
		"_01": -5.421010862427521e-20,
		"_02": 0.5058021504452558,
		"_03": 0.0006393781278848167,
		"_10": 0.5058018975442016,
		"_11": 0.0009999998333333417,
		"_12": -0.862649083023345,
		"_13": -0.0008061080539160102,
		"_20": -0.0005058020661449016,
		"_21": 0.9999995000000415,
		"_22": 0.0008626493705731545,
		"_23": -123.61058690689171,
		"_30": 0,
		"_31": 0,
		"_32": 0,
		"_33": 0.9999999999999998
	},
	"centerRotation": {
		"x": -0.000396729,
		"y": 0.5,
		"z": -0.000587463
	}
}