{
	"selected": [
		"ID_c0536af5045f9030acfa718623dec662d3f00112"
	],
	"marked": [],
	"filtered": [],
	"viewMatrix": {
		"_00": 0.9063077870366498,
		"_01": 5.5511151231257815e-17,
		"_02": 0.4226182617406994,
		"_03": 0.0006078311739301511,
		"_10": 0.34487406203685084,
		"_11": 0.5779932405272439,
		"_12": -0.7395848127422695,
		"_13": -0.289294277434708,
		"_20": -0.24427049860949782,
		"_21": 0.8160415515798295,
		"_22": 0.5238397747443886,
		"_23": -123.51839741149487,
		"_30": 0,
		"_31": 0,
		"_32": 0,
		"_33": 1
	},
	"centerRotation": {
		"x": -0.000396729,
		"y": 0.5,
		"z": -0.000587463
	}
}