{
	"selected": [
		"ID_c0536af5045f9030acfa718623dec662d3f00112"
	],
	"marked": [],
	"filtered": [],
	"viewMatrix": {
		"_00": 0.9623640759050168,
		"_01": 0,
		"_02": 0.2717634732768244,
		"_03": 0.0005414487227713359,
		"_10": 0.2717633373950991,
		"_11": 0.000999999833333342,
		"_12": -0.962363594723019,
		"_13": -0.0009575365240320351,
		"_20": -0.00027176342798291447,
		"_21": 0.9999995000000418,
		"_22": 0.0009623639155110123,
		"_23": -123.61058675546329,
		"_30": 0,
		"_31": 0,
		"_32": 0,
		"_33": 1.0000000000000002
	},
	"centerRotation": {
		"x": -0.000396729,
		"y": 0.5,
		"z": -0.000587463
	}
}