{
	"selected": [
		"ID_c0536af5045f9030acfa718623dec662d3f00112"
	],
	"marked": [],
	"filtered": [],
	"viewMatrix": {
		"_00": 0.9373755515470251,
		"_01": -5.551115123125783e-17,
		"_02": 0.3483203631169305,
		"_03": 0.000576509390668889,
		"_10": 0.2705105198669056,
		"_11": 0.6299765668544677,
		"_12": -0.7279791094911962,
		"_13": -0.31530862485079547,
		"_20": -0.21943366652190538,
		"_21": 0.7766141417810125,
		"_22": 0.5905246318169081,
		"_23": -47.19925304408708,
		"_30": 0,
		"_31": 0,
		"_32": 0,
		"_33": 1
	},
	"centerRotation": {
		"x": -0.000396729,
		"y": 0.5,
		"z": -0.000587463
	}
}