{
	"selected": [
		"ID_c0536af5045f9030acfa718623dec662d3f00112"
	],
	"marked": [],
	"filtered": [],
	"viewMatrix": {
		"_00": 0.977016965001817,
		"_01": 2.7755575615628907e-17,
		"_02": 0.21316155867941608,
		"_03": 0.0005128354922501187,
		"_10": 0.15643518610727938,
		"_11": 0.6792782172101209,
		"_12": -0.7170140418230461,
		"_13": -0.33999826545016093,
		"_20": -0.14479600355748432,
		"_21": 0.7338808511085706,
		"_22": 0.6636663421704774,
		"_23": -123.47719545390753,
		"_30": 0,
		"_31": 0,
		"_32": 0,
		"_33": 1.0000000000000002
	},
	"centerRotation": {
		"x": -0.000396729,
		"y": 0.5,
		"z": -0.000587463
	}
}