{
	"selected": [
		"ID_c0536af5045f9030acfa718623dec662d3f00112"
	],
	"marked": [],
	"filtered": [],
	"viewMatrix": {
		"_00": 0.90630778703665,
		"_01": 0,
		"_02": 0.4226182617406996,
		"_03": 0.0006078311739402473,
		"_10": 0.4226180504315863,
		"_11": 0.0009999998333333417,
		"_12": -0.9063073338827942,
		"_13": -0.000864757105421797,
		"_20": -0.00042261819130432604,
		"_21": 0.9999995000000417,
		"_22": 0.0009063076359853595,
		"_23": -123.6105868482426,
		"_30": 0,
		"_31": 0,
		"_32": 0,
		"_33": 1
	},
	"centerRotation": {
		"x": -0.000396729,
		"y": 0.5,
		"z": -0.000587463
	}
}