{
	"selected": [
		"ID_c0536af5045f9030acfa718623dec662d3f00112"
	],
	"marked": [],
	"filtered": [],
	"viewMatrix": {
		"_00": 0.9823877374156648,
		"_01": 0,
		"_02": 0.18685377538420483,
		"_03": 0.0004995113841257149,
		"_10": 0.1868536819573249,
		"_11": 0.0009999998333333415,
		"_12": -0.9823872462218369,
		"_13": -0.0010029858011046352,
		"_20": -0.00018685374424191043,
		"_21": 0.9999995000000417,
		"_22": 0.0009823875736843833,
		"_23": -123.61058671001402,
		"_30": 0,
		"_31": 0,
		"_32": 0,
		"_33": 1
	},
	"centerRotation": {
		"x": -0.000396729,
		"y": 0.5,
		"z": -0.000587463
	}
}