{
	"selected": [
		"ID_c0536af5045f9030acfa718623dec662d3f00112"
	],
	"marked": [],
	"filtered": [],
	"viewMatrix": {
		"_00": 0.997275002718215,
		"_01": -1.0842021724855042e-19,
		"_02": -0.07377376873512836,
		"_03": 0.00035230855505098685,
		"_10": -0.07377113951050558,
		"_11": 0.00844255675311792,
		"_12": -0.9972394608171058,
		"_13": -0.004836386812335728,
		"_20": 0.0006228392294377177,
		"_21": 0.9999643609826652,
		"_22": 0.008419550808914357,
		"_23": -123.61056445021826,
		"_30": 0,
		"_31": 0,
		"_32": 0,
		"_33": 1
	},
	"centerRotation": {
		"x": -0.000396729,
		"y": 0.5,
		"z": -0.000587463
	}
}