{
	"selected": [
		"ID_c0536af5045f9030acfa718623dec662d3f00112"
	],
	"marked": [],
	"filtered": [],
	"viewMatrix": {
		"_00": 0.9725264086187334,
		"_01": 6.938893903907228e-18,
		"_02": 0.23279257835925218,
		"_03": 0.0005225864560260973,
		"_10": 0.2236836130768749,
		"_11": 0.27699661275283083,
		"_12": -0.934472320491267,
		"_13": -0.13895853251309087,
		"_20": -0.0644827556795108,
		"_21": 0.9608708948258649,
		"_22": 0.2693865210000646,
		"_23": -123.5908902379783,
		"_30": 0,
		"_31": 0,
		"_32": 0,
		"_33": 1.0000000000000002
	},
	"centerRotation": {
		"x": -0.000396729,
		"y": 0.5,
		"z": -0.000587463
	}
}