{
	"selected": [
		"ID_c0536af5045f9030acfa718623dec662d3f00112"
	],
	"marked": [],
	"filtered": [],
	"viewMatrix": {
		"_00": -0.8074358047468075,
		"_01": -2.7755575615628914e-17,
		"_02": -0.5899554400231222,
		"_03": -0.0006669101920415699,
		"_10": -0.48142815263942934,
		"_11": 0.5779932405272444,
		"_12": 0.6589011669066928,
		"_13": -0.2888005367169626,
		"_20": 0.34099025654564064,
		"_21": 0.8160415515798292,
		"_22": -0.4666924373033306,
		"_23": -123.51874712260565,
		"_30": 0,
		"_31": 0,
		"_32": 0,
		"_33": 1.0000000000000002
	},
	"centerRotation": {
		"x": -0.000396729,
		"y": 0.5,
		"z": -0.000587463
	}
}