{
	"selected": [
		"ID_c0536af5045f9030acfa718623dec662d3f00112"
	],
	"marked": [],
	"filtered": [],
	"viewMatrix": {
		"_00": 0.9301713332493386,
		"_01": 1.3877787807814454e-16,
		"_02": 0.3671257152545266,
		"_03": 0.0005846987169295658,
		"_10": 0.2525911511489245,
		"_11": 0.7256883249768186,
		"_12": -0.6399798163642353,
		"_13": -0.36311991671646243,
		"_20": -0.2664188453589739,
		"_21": 0.6880235860727008,
		"_22": 0.6750144767671666,
		"_23": -50.788230659297795,
		"_30": 0,
		"_31": 0,
		"_32": 0,
		"_33": 1
	},
	"centerRotation": {
		"x": -0.000396729,
		"y": 0.5,
		"z": -0.000587463
	}
}