{
	"selected": [
		"ID_c0536af5045f9030acfa718623dec662d3f00112"
	],
	"marked": [],
	"filtered": [],
	"viewMatrix": {
		"_00": 0.9740671762355546,
		"_01": -1.1102230246251568e-16,
		"_02": 0.22625900242972202,
		"_03": 0.000519359489105753,
		"_10": 0.15444519393420914,
		"_11": 0.7307889023083138,
		"_12": -0.6649016937364761,
		"_13": -0.36572378341052453,
		"_20": -0.16534756802299058,
		"_21": 0.6826035308017461,
		"_22": 0.71183748249574,
		"_23": -47.152155014262185,
		"_30": 0,
		"_31": 0,
		"_32": 0,
		"_33": 1.0000000000000002
	},
	"centerRotation": {
		"x": -0.000396729,
		"y": 0.5,
		"z": -0.000587463
	}
}