{
	"selected": [],
	"marked": [],
	"filtered": [],
	"viewMatrix": {
		"_00": 0.4407829351891861,
		"_01": 1.6653345369377343e-16,
		"_02": -0.8976137276390137,
		"_03": -19.830039440146287,
		"_10": -0.47661761226805205,
		"_11": 0.8473824842549857,
		"_12": -0.2340482365961113,
		"_13": -5.125358191022538,
		"_20": 0.7606221504281258,
		"_21": 0.5309829803090195,
		"_22": 0.37351173863781717,
		"_23": -27.15490596105289,
		"_30": 0,
		"_31": 0,
		"_32": 0,
		"_33": 0.9999999999999998
	},
	"centerRotation": {
		"x": 7.600345943870013,
		"y": 5.252358805404643,
		"z": -18.359719931981303
	}
}